```json
[
  {
    "label": "Gather lemons and raspberries; prep plate/grater",
    "relevant_lines": [74, 75, 76, 78, 79, 83, 84, 85, 86, 87, 88, 89, 90, 91, 92, 93, 94, 95, 96, 97, 98, 99, 100, 101, 102, 103, 104, 105, 106, 107, 108, 109]
  },
  {
    "label": "Zest lemons and collect zest into saucer",
    "relevant_lines": [110, 111, 112, 113, 114, 115, 116, 117, 118, 119, 120, 121, 122, 123, 126, 127, 128, 130, 131, 132, 133, 134, 136, 137, 138, 139, 140, 141, 142, 143, 144, 145, 146, 147, 148, 149, 150, 151, 152, 153, 154, 155]
  },
  {
    "label": "Transfer lemon zest into hand blender cup; return lemons to fridge",
    "relevant_lines": [156, 157, 158, 159, 160, 161, 162, 163, 167, 168, 169, 170, 171, 172, 173, 174, 175]
  },
  {
    "label": "Wash and weigh raspberries; add to hand blender cup (eat extra)",
    "relevant_lines": [176, 177, 178, 179, 180, 181, 182, 183, 184, 185, 186, 187, 188, 189, 190, 191, 192, 193, 194, 195, 196, 197, 198, 199, 200, 201, 202, 203, 204, 205, 206, 208, 209, 210, 211, 212, 213, 214, 217, 218, 219, 220, 221, 222, 223, 224, 225, 226, 227, 228, 229, 230, 231, 232, 233, 234, 235, 236, 237, 238, 239, 240, 241, 242, 245, 246, 247, 248, 249, 250, 251]
  },
  {
    "label": "Juice lemons and pour juice into hand blender cup",
    "relevant_lines": [256, 257, 258, 259, 260, 261, 262, 264, 265, 266, 267, 268, 269, 270, 271, 272, 273, 274, 275, 276, 277, 278, 279, 280, 281, 282, 283, 284, 285, 286, 291, 292, 293, 294, 295, 296]
  },
  {
    "label": "Blend raspberry-lemon mixture and taste puree",
    "relevant_lines": [297, 298, 299, 300, 301, 302, 303, 304, 305, 306, 307, 308, 309, 310, 311, 312, 313, 314, 316, 317, 318, 319, 320, 321, 322, 323, 324, 325, 326, 327, 328, 329, 330, 331, 332]
  },
  {
    "label": "Weigh/cut butter and transfer measured butter to mixing bowl",
    "relevant_lines": [345, 346, 347, 349, 350, 351, 352, 353, 355, 356, 357, 358, 359, 360, 361, 362, 368, 369, 370, 371, 372, 373, 374, 375, 376, 377, 378, 379, 380, 381, 382, 383, 384, 385, 386, 387, 388, 389, 395, 396, 397, 398, 399, 400, 401]
  },
  {
    "label": "Set up bain-marie and melt butter",
    "relevant_lines": [403, 404, 405, 406, 409, 410, 411, 412, 413, 414, 415, 416, 417, 418, 419, 426, 432, 433, 434, 435, 548, 549, 550, 551, 552, 553, 554, 555, 556, 557, 592, 616, 617, 618, 619, 620, 621, 622, 623, 627, 630, 631, 633, 634, 635, 636, 637, 638, 639, 651, 652, 653, 654, 655, 656, 657, 675, 676, 677, 679, 680, 681, 682, 683, 684, 685, 686, 687, 688, 689, 690, 691, 771, 772, 773, 774, 775, 776, 777, 778, 859, 860, 861, 862, 863, 864, 865, 866, 867, 868, 869, 870, 871, 872]
  },
  {
    "label": "Measure sugar on scales (including fine adjustments)",
    "relevant_lines": [462, 463, 464, 465, 466, 469, 470, 471, 472, 473, 474, 475, 476, 477, 478, 479, 480, 481, 484, 485, 486, 487, 488, 489, 490, 491, 492, 493, 494, 495, 496, 497, 498, 516, 517]
  },
  {
    "label": "Crack eggs into measuring jug and whisk",
    "relevant_lines": [560, 561, 562, 563, 564, 565, 566, 567, 569, 570, 571, 572, 573, 574, 577, 578, 579, 580, 581, 582, 583, 584, 585, 586, 587, 588, 589, 590, 591, 593, 594, 595, 596, 597, 598, 599, 600, 601, 602, 603, 604, 605, 606, 607, 608, 609, 610, 611, 612, 613, 614, 615, 616, 642, 643, 645, 646, 647, 648]
  },
  {
    "label": "Combine butter + sugar + raspberry puree + eggs; cook and stir raspberry-lemon curd",
    "relevant_lines": [875, 876, 877, 878, 884, 885, 886, 888, 892, 893, 894, 895, 896, 897, 898, 899, 900, 901, 902, 903, 904, 905, 906, 910, 911, 912, 913, 914, 915, 916, 917, 918, 920, 921, 923, 924, 925, 1015, 1016, 1017, 1062, 1065, 1066, 1067, 1068]
  }
]
```