```json
[
  {
    "label": "Sauce mushrooms and return to oven",
    "relevant_lines": [2, 3, 4, 5, 17, 18, 19, 20, 21, 22, 23, 25, 26, 27, 28, 29, 30, 31, 32, 33, 34, 35, 36, 37, 38, 39, 40, 41, 42, 43, 44, 45, 46, 47, 48, 49, 53, 56]
  },
  {
    "label": "Discard countertop/cutting-board food scraps",
    "relevant_lines": [110, 111, 112, 113]
  },
  {
    "label": "Add frozen sweetcorn to saucepan and cover with water",
    "relevant_lines": [150, 151, 152, 153, 154, 155, 156, 159, 160, 161, 162, 163, 164, 165, 166, 167, 168, 169, 170, 171, 172]
  },
  {
    "label": "Boil and drain sweetcorn",
    "relevant_lines": [191, 283, 312, 331, 354, 389, 415, 416, 417, 418, 419, 420, 421, 422]
  },
  {
    "label": "Fetch wraps/yoghurt and re-bake mushrooms (discard foil)",
    "relevant_lines": [225, 226, 227, 230, 231, 234, 235, 237, 241, 242, 243, 244, 245, 246, 247, 251, 252, 253, 254, 255, 256, 260, 261, 262, 263, 265]
  },
  {
    "label": "Prep kebab wraps and toppings (taste onion, get cheese, moisten wraps)",
    "relevant_lines": [270, 271, 272, 273, 274, 278, 279, 280, 281, 282, 284, 285, 295, 296, 298, 299, 300, 301, 302, 303, 304, 305, 306, 308, 309, 310, 313, 314, 315, 316, 317, 318, 319, 325, 326, 327]
  },
  {
    "label": "Warm kebab wraps in oven and remove wraps/mushrooms",
    "relevant_lines": [341, 342, 365, 368, 369, 370, 371, 372, 373, 374, 375, 376, 398, 399, 400, 401, 402, 403, 404, 405, 406, 407, 412, 423, 424, 425, 426, 427, 428, 429, 430, 431, 432, 433, 434, 435, 436, 437, 438, 439, 440, 441, 442, 443, 444, 445, 446, 447, 452, 453]
  },
  {
    "label": "Assemble kebab wrap (mushrooms, cheese, yoghurt, pickles, hot sauce)",
    "relevant_lines": [454, 455, 457, 458, 459, 460, 461, 462, 463, 464, 465, 466, 467, 468, 469, 470, 471, 473, 474, 475, 476, 477, 478, 479, 480, 481, 482, 483, 484, 485, 486, 487, 488, 491, 492, 493, 495, 496, 497, 498, 500, 501, 502, 503, 504, 505, 506, 507, 508, 509, 510, 511, 512, 513, 514, 515, 516, 517, 518, 519, 520, 521, 522, 523, 524, 525, 526, 527, 528, 529, 530, 531, 532, 533, 534, 535, 536, 537, 538, 539, 540, 541, 542, 543, 544, 545, 546, 547, 548, 549, 550, 551, 552, 553, 554, 555, 556, 557, 558, 559, 560]
  },
  {
    "label": "Serve sweetcorn and cut wrap; eat onion",
    "relevant_lines": [561, 562, 563, 564, 565, 566, 567, 568, 569, 570, 571, 572, 573, 574, 575, 576, 577, 578, 579]
  }
]
```